541
252
494
203
439
416
18
167
158
178
423
558
562
473
474
498
186
418
535
440
180
335
207
324
224
88
47
325
37
56
25
74
161
475
368
426
159
71
123
522
233
210
243
112
581
568
377
495
550
471
548
221
129
273
290
143
166
111
1221
1093
1159
900
741
1053
642
1020
896
929
872
895
844
1178
1169
986
1182
866
1027
1031
914
719
955
1213
1044
721
890
617
1167
1057
651
1165
847
987
748
1082
661
1207
675
839
1046
1153
1076
1115
662
849
1097
988
1201
599
1034
1176
614
755
676
716
1088
613
606
821
666
725
963
